500
400
100
800
500
100
400
2100
300
500
700
100
300
400
600
700
1500
300
100
900
1600
300
400
100
800
300
1500
100
400
100
400
2000
1100
400
100
300
500
500
100
500
1100
100
100
13100
200
100
100
500
100
1300
44800
700
1000
100
300
4100
1600
500
12100
100
500
3000
11500
100
2300
100
100
11600
4200
27600
2100
100
1300
48800
7300
100
2000
100
2500
100
2500
2700
300
100
1200
25700
3500
400
21400
24100
100
12800
6600
8600
14000
100
12300
9000
2600
100
27200
3900
100
1200
2300
4200
16500
35300
2100
16800
1600
27200
23900
700
100
900
100
1900
100
14500
300
16400
17700
2500
800
500
500
1900
5100
4400
1700
100
300
100
11400
100
300
100
300
9700
100
900
16300
14200
900
1000
500
1500
1800
26700
25300
900
1500
11400
100
4100
2900
2900
100
17900
2700
600
4100
900
14600
100
5900
100
100
18700
69400
1900
18400
15300
2200
700
100
100
3500
3900
100
30100
12700
8300
1800
51500
1400
33700
100
200
1900
1900
100
2800
200
100
1700
3100
1800
300
100
4300
1900
1000
1800
100
900
1600
1200
1100
3200
1700
